PC1: 74.29985422224514
PC2: 19.178363336149552
