PC1: 70.41817562220817
PC2: 23.41317648496019
