PC1: 60.2651740326665
PC2: 29.70184012600426
