PC1: 64.11439747822418
PC2: 20.2352979962222
