PC1: 90.82598743173588
PC2: 8.661995953255154
