PC1: 48.11314565033113
PC2: 35.0863730145874
