PC1: 50.758565726699054
PC2: 36.746591854733055
