PC1: 51.87882323915122
PC2: 37.06557262159825
