PC1: 66.31081589290291
PC2: 24.21737440262194
