PC1: 66.9249803291311
PC2: 27.344146362928047
