PC1: 54.042260417272225
PC2: 45.957739582727775
