PC1: 75.41813964770107
PC2: 14.523573847823853
