PC1: 65.11118869542587
PC2: 27.494504607642874
