PC1: 64.35736888977853
PC2: 23.122456162744136
