PC1: 97.97326429531738
PC2: 2.0267357046826264
