PC1: 55.70450886477653
PC2: 35.7725221501844
