PC1: 50.64618633839161
PC2: 38.45740532898988
