PC1: 63.99999999999999
PC2: 36.00000000000001
