PC1: 56.68404149278312
PC2: 35.497376945632844
