PC1: 57.96814257324544
PC2: 27.2467654488731
