PC1: 53.665662341434505
PC2: 36.53839646923805
