PC1: 48.75469783998747
PC2: 37.60384296865723
