PC1: 58.5407759864625
PC2: 27.768717220019234
