PC1: 68.60964352162291
PC2: 23.189182956388947
