PC1: 60.49679148512935
PC2: 30.52292021722759
