PC1: 65.77615388373172
PC2: 23.52742771245677
