PC1: 78.31960829416778
PC2: 13.435359660769707
