PC1: 50.00825866831609
PC2: 43.88089352312285
