PC1: 48.93946990369022
PC2: 43.25300459667305
