PC1: 75.4924652325052
PC2: 10.580264727725403
