PC1: 50.79051266097273
PC2: 45.75008262769397
