PC1: 94.73684210526316
PC2: 5.263157894736844
