PC1: 57.89852668226316
PC2: 38.64967300790104
