PC1: 72.8128298879578
PC2: 23.247605304349978
