PC1: 74.20221646933538
PC2: 12.21161470153988
