PC1: 65.0911428298822
PC2: 24.86100606360303
