PC1: 50.01381160570624
PC2: 44.44341936922513
