PC1: 55.24146565668827
PC2: 35.55832288776462
