PC1: 50.84410295020667
PC2: 44.74820432718161
