PC1: 98.35018494913318
PC2: 1.6498150508668163
