PC1: 77.68771524443194
PC2: 21.328674133472383
