PC1: 54.83440205082651
PC2: 36.759828825433104
