PC1: 51.92307692307692
PC2: 44.65720788758272
