PC1: 60.13036326727153
PC2: 32.70824184597369
