PC1: 55.688498036566216
PC2: 31.043622805776504
