PC1: 47.92293405693311
PC2: 35.85191659715443
