PC1: 47.73156884720133
PC2: 41.293719023578376
