PC1: 56.63390353874992
PC2: 31.171227305761423
