PC1: 45.379781488994105
PC2: 36.81072931950396
