PC1: 49.678131946186554
PC2: 38.97656563776163
