Node1	Node2	Frequency	Direction
chebi:16240	chebi:17497	0.6481481481481481	U
chebi:16891	chebi:17497	0.6666666666666666	U
chebi:17150	chebi:17497	0.6666666666666666	U
