PC1: 98.2137055567063
PC2: 1.7862944432937005
