PC1: 51.809576813779245
PC2: 39.88873637748815
