PC1: 48.78659678883927
PC2: 34.542479292321204
