PC1: 49.163150916945895
PC2: 37.00401900659126
