PC1: 47.543410851773125
PC2: 30.499854449253117
