PC1: 98.16637831516918
PC2: 1.833621684830819
