PC1: 58.5253867310223
PC2: 28.052857040104982
