PC1: 48.9736880115242
PC2: 36.557075107615205
