PC1: 58.61962559949281
PC2: 32.450081230716684
