PC1: 70.30241855981365
PC2: 17.77940796255459
