PC1: 64.50451814435876
PC2: 25.165637264534457
