PC1: 92.6037673350542
PC2: 5.614141976802314
