PC1: 79.50483203786021
PC2: 16.381826279941688
