PC1: 63.90744979366507
PC2: 36.09255020633494
