PC1: 43.1169680524891
PC2: 37.70559945255834
