PC1: 98.08206448008322
PC2: 1.9179355199167887
