PC1: 69.8647540398348
PC2: 23.65172305107783
