PC1: 98.29008980224869
PC2: 1.7099101977513007
