PC1: 56.2315823005388
PC2: 30.146678251829588
