PC1: 44.340759451735224
PC2: 33.331711093470304
