PC1: 55.98317472037693
PC2: 42.31633397195683
