PC1: 58.375048754078406
PC2: 38.809274411623164
