PC1: 98.16637831516918
PC2: 1.8336216848308158
