PC1: 56.666576593637316
PC2: 33.609162950356655
