PC1: 57.31989345657972
PC2: 25.902128258366318
