PC1: 51.44021061478935
PC2: 40.86203618343503
