PC1: 86.77935248309012
PC2: 7.953673826791824
