PC1: 68.83271834539072
PC2: 31.167281654609287
