PC1: 52.95282040611051
PC2: 40.60003068033511
