PC1: 75.93741014096985
PC2: 21.69256139734721
