PC1: 54.74280089828676
PC2: 25.19728933044554
