PC1: 67.80583660061548
PC2: 32.194163399384514
