PC1: 96.02404447333217
PC2: 3.975955526667821
