PC1: 54.314337007318656
PC2: 32.956744804139895
