PC1: 98.03844614152614
PC2: 1.961553858473862
