PC1: 69.43269815307546
PC2: 18.021955426514292
