PC1: 49.56132178269051
PC2: 32.18473562515285
