PC1: 62.76414693836202
PC2: 25.68160437692762
