PC1: 62.853204673024784
PC2: 28.4780872191362
