PC1: 57.91175098835177
PC2: 30.242080248513204
