PC1: 60.32115393905178
PC2: 33.0620288098853
