Node1	Node2	Frequency	Direction
chebi:16264	chebi:17659	0.37037037037037035	U
chebi:16264	chebi:65140	0.05555555555555555	U
chebi:17659	chebi:65140	0.05555555555555555	U
