PC1: 98.21370555670629
PC2: 1.7862944432937018
