PC1: 96.24972900628805
PC2: 3.750270993711971
