Node1	Node2	Frequency	Direction
AGAL_HUMAN	chebi:18313	0.48148148148148145	U
chebi:17361	chebi:62571	0.48148148148148145	U
chebi:18259	chebi:18313	0.46296296296296297	U
chebi:18259	chebi:62571	0.46296296296296297	U
