PC1: 97.25801365241973
PC2: 1.8543956043956054
