PC1: 60.936958617730454
PC2: 24.81438375250531
