PC1: 79.04093103294507
PC2: 10.9362852843161
