PC1: 52.20205928203777
PC2: 37.090126052048035
