PC1: 66.48488384335431
PC2: 25.046977982785545
