PC1: 65.09770195496539
PC2: 26.85349884735419
