PC1: 69.66539342836845
PC2: 18.067491321063116
