PC1: 56.147884674746905
PC2: 37.30558459719933
