PC1: 50.37244364354264
PC2: 39.72607312162532
