PC1: 96.09772228646443
PC2: 3.902277713535565
