PC1: 83.83434725006356
PC2: 10.146543188350469
