PC1: 44.81502034768782
PC2: 39.639568485529075
