PC1: 56.647485053782056
PC2: 35.46264875744695
