PC1: 58.85530405227175
PC2: 27.985321670424636
