PC1: 96.68130659082647
PC2: 3.318693409173539
