PC1: 92.67802394720903
PC2: 5.396280942163847
