PC1: 62.894437040935195
PC2: 37.10556295906481
