PC1: 53.426489427181764
PC2: 40.87652444718665
