PC1: 49.42846962317976
PC2: 42.90293788534673
