PC1: 64.34868393383829
PC2: 22.087144799661598
