PC1: 79.70841018788535
PC2: 12.213141258801148
