PC1: 75.03802977646362
PC2: 24.96197022353637
