PC1: 46.62324713748088
PC2: 43.62187216800486
