PC1: 50.23805791560525
PC2: 41.23359113603811
