PC1: 99.04435296435571
PC2: 0.9556470356442837
