PC1: 66.77759785543654
PC2: 30.40777415746979
