PC1: 87.9271150879474
PC2: 8.093555941221856
