PC1: 63.70856572695342
PC2: 28.47585441245975
