PC1: 51.41075630261685
PC2: 43.10321849559718
