PC1: 60.53504150910823
PC2: 30.040375518336752
