PC1: 53.695731216565754
PC2: 39.73098907619752
