PC1: 50.537834284631785
PC2: 40.8079910982837
