PC1: 95.29865086690118
PC2: 3.1020056436900063
