PC1: 86.57904538556731
PC2: 10.087967205661924
