Node1	Node2	Frequency	Direction
CHSTB_HUMAN	chebi:16137	0.6666666666666666	U
chebi:16137	chebi:17980	0.6666666666666666	U
chebi:17709	chebi:17980	0.6666666666666666	U
chebi:17980	chebi:29281	0.6666666666666666	U
