PC1: 63.15608137582514
PC2: 30.50186480752266
