PC1: 62.49348743464939
PC2: 37.50651256535061
