PC1: 54.60431472540201
PC2: 39.62069920905365
