PC1: 48.97059274228439
PC2: 46.68201278437399
