PC1: 56.240113291698414
PC2: 38.89749270280765
