PC1: 53.598814831848706
PC2: 41.033058012472154
