PC1: 42.968126932984774
PC2: 35.24105670634257
