PC1: 52.47416522779942
PC2: 42.41313682144568
