PC1: 60.55579173490566
PC2: 27.072563721505333
