PC1: 70.12530574994238
PC2: 28.266817944224766
