PC1: 49.57142166423739
PC2: 39.443692316759325
