PC1: 49.02343691975966
PC2: 39.18130964093766
