PC1: 67.45427386258129
PC2: 15.802047493829424
