Node1	Node2	Frequency	Direction
chebi:16389	chebi:16680	0.6111111111111112	U
chebi:16680	chebi:16835	0.6111111111111112	U
chebi:16680	chebi:28711	0.6111111111111112	U
