PC1: 56.049950445801045
PC2: 41.04698106667492
