PC1: 47.34918835191099
PC2: 41.43034129337775
