PC1: 53.50485811600012
PC2: 42.378191693571175
