PC1: 92.38284170329159
PC2: 5.319696803426395
