PC1: 59.167978396552776
PC2: 35.30319070390851
