PC1: 51.182548549558604
PC2: 41.348886696242
