PC1: 56.220530480628774
PC2: 40.41240534055496
