PC1: 50.47612902370089
PC2: 36.466039571401765
