PC1: 61.94909573232004
PC2: 23.302655653481654
