PC1: 59.55611102213021
PC2: 34.19153211462383
