PC1: 53.35645516155903
PC2: 41.50880886201544
