PC1: 49.70966666389359
PC2: 39.30163338327668
