PC1: 55.355241951607745
PC2: 38.096571220038
