PC1: 71.00420126042015
PC2: 28.995798739579854
