PC1: 54.55832457031533
PC2: 35.50792925409693
