PC1: 69.20722583064384
PC2: 26.614281416362225
