PC1: 47.57376762020375
PC2: 43.83279596828483
