PC1: 95.94201618973209
PC2: 2.9869282602333085
