PC1: 47.99427089389046
PC2: 36.55423003801887
