PC1: 79.22424458621016
PC2: 19.373871438414444
