PC1: 56.05597593105418
PC2: 37.71678203565928
