PC1: 52.9514001501595
PC2: 42.45339823402239
