PC1: 90.71275754450409
PC2: 6.39484911970414
