PC1: 55.47473446634823
PC2: 35.1694219163036
