PC1: 50.85782528877756
PC2: 38.14762413931063
