PC1: 57.737082245304116
PC2: 30.641744104816553
