Node1	Node2	Frequency	Direction
XYLT1_HUMAN	chebi:16082	0.5370370370370371	U
chebi:16264	chebi:65140	0.5185185185185185	U
chebi:16082	chebi:8572	0.42592592592592593	U
chebi:16264	chebi:8572	0.42592592592592593	U
