PC1: 89.38625780505424
PC2: 7.900966097454981
