Node1	Node2	Frequency	Direction
MCEE_HUMAN	chebi:15465	0.5370370370370371	U
chebi:16992	chebi:30841	0.5555555555555556	U
chebi:15380	chebi:15428	0.25925925925925924	U
chebi:15380	chebi:15465	0.25925925925925924	U
chebi:15428	chebi:30841	0.25925925925925924	U
