PC1: 96.41069546637159
PC2: 2.6674191019517646
