PC1: 76.48505021950365
PC2: 19.717103900189006
