PC1: 90.05492238775237
PC2: 6.494968987476869
