PC1: 55.865824452523015
PC2: 26.799197729703522
