PC1: 58.74136546022613
PC2: 29.196743962454086
