PC1: 48.698998912796284
PC2: 42.61323975821243
