PC1: 57.467740104545506
PC2: 35.35840691770526
