PC1: 70.88371147701386
PC2: 19.35820492456342
