PC1: 57.66886138391136
PC2: 34.197390767279316
