PC1: 66.05900402346437
PC2: 28.49630611960301
