PC1: 72.76131284389389
PC2: 24.352041757480198
