PC1: 59.384010933327104
PC2: 23.916205360539724
