PC1: 56.01296476790664
PC2: 32.98809745575138
