PC1: 56.07581529407819
PC2: 28.634651399504524
