PC1: 56.23740886477101
PC2: 38.66988407051677
