PC1: 61.17167959366746
PC2: 33.57893297021118
