PC1: 46.822471870657445
PC2: 34.03848609145829
