PC1: 88.3185495351807
PC2: 11.681450464819308
