PC1: 65.54531377692217
PC2: 28.245291585353588
