PC1: 70.87654317153451
PC2: 25.826731950232546
