PC1: 76.03007452461273
PC2: 14.077539816343828
