PC1: 73.85405982705177
PC2: 23.24284629940716
