PC1: 88.95363771297703
PC2: 8.274661183796496
