PC1: 48.94434531985175
PC2: 35.448781527289576
