PC1: 78.04105748253093
PC2: 20.407787898148193
