PC1: 62.40156063498624
PC2: 37.598439365013746
