PC1: 45.99434066337869
PC2: 40.49018567850665
