PC1: 69.63156712798802
PC2: 24.324794512588564
