PC1: 59.05331109002122
PC2: 22.721239638426557
