PC1: 48.99816624946093
PC2: 40.903243822414666
