PC1: 51.64842509493586
PC2: 40.16924421071627
