PC1: 60.64591260651477
PC2: 31.98240392541274
