PC1: 47.85160112502016
PC2: 42.43095340495216
