PC1: 61.96236228751967
PC2: 25.987294375073073
