PC1: 47.34422597066068
PC2: 46.221635356936005
