PC1: 95.74669584784759
PC2: 4.253304152152416
