PC1: 50.77739337760594
PC2: 38.23303759382763
