PC1: 63.641567353249954
PC2: 27.871203109489347
