PC1: 52.96006394040938
PC2: 42.879924993437086
