PC1: 50.99267915386362
PC2: 40.94634716742178
