PC1: 87.98342623587618
PC2: 11.267548785164996
