PC1: 53.161263475834176
PC2: 42.02725552982036
