PC1: 95.03478596438893
PC2: 4.044999544628978
