PC1: 98.00086267284642
PC2: 1.999137327153571
