PC1: 45.2162260425049
PC2: 38.39338845758715
