PC1: 46.526131360976734
PC2: 41.27852382172228
