PC1: 61.91993301594793
PC2: 32.03898149506125
