PC1: 64.7192967099038
PC2: 32.77427699802795
