PC1: 46.52657491982204
PC2: 35.49502825738382
