PC1: 53.092233127378876
PC2: 37.812600209988695
