PC1: 45.22896545417571
PC2: 37.60306229349772
