PC1: 50.61100295658678
PC2: 40.97851466534231
