PC1: 78.2559211591217
PC2: 17.767903124407695
