PC1: 47.64827121477106
PC2: 46.11274818155342
