PC1: 94.92056481008608
PC2: 5.079435189913929
