PC1: 93.09458036856674
PC2: 6.905419631433269
