PC1: 63.27567829489856
PC2: 31.486644317829732
