PC1: 47.389147918945724
PC2: 46.123482796322484
