PC1: 51.034519049161716
PC2: 37.43091048068327
