PC1: 57.71260441549645
PC2: 33.563485704939474
