PC1: 64.09816054306528
PC2: 34.680053491647215
