PC1: 51.20763427753518
PC2: 39.845955760616434
