PC1: 69.3271997830202
PC2: 22.534672006826572
