PC1: 56.90100923965164
PC2: 41.47538063944587
