Node1	Node2	Frequency	Direction
chebi:16584	chebi:27845	0.6666666666666666	U
chebi:16584	chebi:48861	0.6666666666666666	U
chebi:29888	chebi:48861	0.6666666666666666	U
