PC1: 48.89147233174536
PC2: 34.70982630295411
