PC1: 48.88606324930754
PC2: 38.242405496302446
