PC1: 63.27909943773883
PC2: 24.16659376432976
