PC1: 63.582241668015584
PC2: 30.412421255423745
