PC1: 58.55522690915759
PC2: 24.30185018296106
