PC1: 76.15596764512293
PC2: 19.02996736228345
