PC1: 55.108148998732695
PC2: 38.074295669922826
