PC1: 57.17241617328644
PC2: 34.13468640419476
