PC1: 62.238494103685625
PC2: 33.6080582918733
