Node1	Node2	Frequency	Direction
chebi:15465	chebi:15466	0.5555555555555556	U
chebi:15466	chebi:15539	0.5555555555555556	U
