PC1: 45.62862631027969
PC2: 41.48628697184841
