PC1: 53.14384422719418
PC2: 39.146968641436935
