PC1: 57.20008597140448
PC2: 28.717370686839356
