PC1: 63.664126146330645
PC2: 23.007923353745994
