PC1: 81.17669670855213
PC2: 18.823303291447868
