PC1: 91.0450444156511
PC2: 5.177696410865286
