PC1: 49.43920096705186
PC2: 42.90701238564074
