Node1	Node2	Frequency	Direction
chebi:15465	chebi:15466	0.6666666666666666	U
chebi:15466	chebi:17544	0.6666666666666666	U
chebi:15351	chebi:17544	0.6481481481481481	U
