PC1: 47.892450412245374
PC2: 45.26861540988607
