PC1: 54.90403677822279
PC2: 38.5714285714285
