PC1: 56.37373705317995
PC2: 37.66952582989003
