PC1: 78.08043401507156
PC2: 11.010611995637888
