PC1: 62.06571216774647
PC2: 25.638324436681636
