PC1: 43.140707980347514
PC2: 36.04177893631136
