PC1: 70.20234538231091
PC2: 17.045211084310086
