PC1: 51.84855863023514
PC2: 41.609900778403606
