PC1: 55.710253071377956
PC2: 29.987713841276808
