PC1: 69.05295844628357
PC2: 27.67180800608708
