PC1: 54.10000069670941
PC2: 31.951339628744428
