PC1: 54.394268392422305
PC2: 37.68880992795722
