PC1: 58.51324937045192
PC2: 29.231418372185935
