PC1: 49.93686511238575
PC2: 39.80842939847512
