PC1: 49.77827933928472
PC2: 40.095621322942534
