PC1: 48.97459666720878
PC2: 44.890186118163584
