PC1: 63.94099612949199
PC2: 22.328961902688217
