Node1	Node2	Frequency	Direction
chebi:16584	chebi:27845	0.6666666666666666	U
chebi:16584	chebi:26078	0.6481481481481481	U
chebi:16584	chebi:48861	0.6666666666666666	U
