PC1: 57.75865933080087
PC2: 29.2331484167173
