PC1: 44.59309144800753
PC2: 42.31401959189162
