PC1: 85.84183168635091
PC2: 10.181588168825453
