PC1: 44.099008986264224
PC2: 38.66734691290717
