PC1: 46.484347648966725
PC2: 31.125152310866767
