PC1: 51.89862532918554
PC2: 44.77360970738264
