PC1: 72.62804933951135
PC2: 21.29340264916689
