PC1: 54.20008999416051
PC2: 37.02992556102675
