PC1: 60.56046866038959
PC2: 33.246791291718075
