PC1: 61.22332307306443
PC2: 29.511059003237932
