PC1: 46.6744143348463
PC2: 39.6698327931002
