PC1: 95.80626906564521
PC2: 4.193730934354791
