PC1: 68.81744611606841
PC2: 25.829798462948165
