PC1: 48.245898476304575
PC2: 33.20320081661446
