Node1	Node2	Frequency	Direction
chebi:15741	chebi:27424	0.6296296296296297	U
chebi:16680	chebi:27424	0.6296296296296297	U
HCD2_HUMAN	chebi:15453	0.6111111111111112	U
chebi:15345	chebi:15741	0.5925925925925926	U
chebi:15345	chebi:15453	0.5925925925925926	U
