PC1: 95.12774068355291
PC2: 3.96561069092091
