PC1: 98.29008980224869
PC2: 1.709910197751301
