PC1: 98.10456929208347
PC2: 1.8954307079165327
