PC1: 45.106623246790164
PC2: 42.746905222469465
