PC1: 58.32205090360373
PC2: 31.265496459891978
