PC1: 48.086678395373625
PC2: 36.78588858473917
