PC1: 60.14521198185584
PC2: 36.29402200246844
