PC1: 76.04356326830147
PC2: 21.7291494690864
