PC1: 49.366026158610254
PC2: 43.69669653308168
