PC1: 53.64879503136167
PC2: 38.914287224041296
