PC1: 97.20113123306501
PC2: 1.851851851851855
