PC1: 55.31082834345199
PC2: 35.383286054834166
