PC1: 59.848617151453745
PC2: 31.49075509204361
