PC1: 97.58965491408617
PC2: 1.577629893577622
