PC1: 68.31868988665936
PC2: 26.692070986237056
