PC1: 54.78665297630055
PC2: 38.30339808331404
