PC1: 49.29263546399516
PC2: 44.94458311858833
