PC1: 54.49371228717625
PC2: 40.74658162236838
