PC1: 51.52028570122388
PC2: 37.45662329619299
