PC1: 45.418773731253395
PC2: 38.2070059427213
