Node1	Node2	Frequency	Direction
chebi:17659	chebi:67119	0.37037037037037035	U
chebi:17659	chebi:61235	0.05555555555555555	U
chebi:61235	chebi:67119	0.05555555555555555	U
