PC1: 49.82314417600707
PC2: 35.721968930363346
