PC1: 64.90493075021857
PC2: 32.465246864153976
