PC1: 52.99479377948092
PC2: 37.528128331013505
