PC1: 60.86008859187656
PC2: 36.95362596341375
