PC1: 92.81292415519539
PC2: 6.437439195647309
