PC1: 58.6539847630382
PC2: 37.92908621188999
