PC1: 51.45054306081063
PC2: 35.624520021772206
