PC1: 68.83271834539075
PC2: 31.167281654609262
