PC1: 56.53878101565445
PC2: 42.62760415909362
