PC1: 68.00941493182935
PC2: 20.265310121995416
