PC1: 55.95077270958036
PC2: 32.20911049118094
