PC1: 57.28259271618042
PC2: 31.94541296798797
