PC1: 88.90225554279654
PC2: 7.258906468068379
