PC1: 46.297989240995214
PC2: 41.91509156546645
