PC1: 93.7970526198033
PC2: 6.202947380196708
