PC1: 52.21727219246905
PC2: 34.18462906758838
