PC1: 78.23038397546563
PC2: 19.02439767127766
