PC1: 51.70825573924335
PC2: 38.50053029411134
