PC1: 70.96068067587554
PC2: 22.151086546931843
