PC1: 62.101346833937455
PC2: 34.802573743073715
