PC1: 53.31381394822581
PC2: 35.41859559544884
