PC1: 46.89800353293093
PC2: 41.36703957008965
