PC1: 98.49715129995292
PC2: 1.5028487000470678
