PC1: 97.47837720020266
PC2: 2.5216227997973526
