PC1: 61.192319213142184
PC2: 32.52868134344116
