PC1: 58.01403574327877
PC2: 34.44684754528747
