PC1: 57.31845258638225
PC2: 28.72899392430676
