PC1: 47.95423721329815
PC2: 41.41970620265386
