PC1: 65.93047737369054
PC2: 28.269438522384664
