PC1: 55.53752749597849
PC2: 33.68849381498035
