PC1: 60.07295021852295
PC2: 29.533059261534824
