PC1: 56.23771519942127
PC2: 43.76228480057874
