PC1: 53.580334043206136
PC2: 26.302520072553172
