PC1: 71.64113661039173
PC2: 17.420455751167594
