PC1: 54.524354610775475
PC2: 40.30967978224914
