PC1: 53.625821660702734
PC2: 41.94482690450364
