PC1: 50.50031930603943
PC2: 32.09347158430653
