PC1: 64.39774061372634
PC2: 30.296387911219952
