PC1: 45.91174080833883
PC2: 39.65725854850229
