PC1: 67.19037797341618
PC2: 23.65622368410935
