PC1: 60.87566219038041
PC2: 31.08677816145338
