PC1: 56.62518317925868
PC2: 33.910144232310955
