PC1: 62.42170046869335
PC2: 37.578299531306634
