PC1: 48.64152997276846
PC2: 42.05620569998654
