PC1: 54.40119554534344
PC2: 26.619904229901444
