PC1: 49.224477659421694
PC2: 35.18421736220025
