PC1: 52.38130882474845
PC2: 33.96257920436731
