PC1: 53.63172659766381
PC2: 27.00420916841325
