PC1: 81.83863449602747
PC2: 16.145951267358654
