PC1: 66.85071748032757
PC2: 29.80547997781998
