PC1: 45.73369447926326
PC2: 37.956139231443956
