Node1	Node2	Frequency	Direction
chebi:16556	chebi:16565	0.5370370370370371	U
chebi:16565	chebi:17361	0.5370370370370371	U
