PC1: 59.306845394840956
PC2: 34.91822001225861
