PC1: 52.68423241780903
PC2: 43.95368206423827
