PC1: 83.76681860196015
PC2: 11.274110916074644
