PC1: 52.00172484896326
PC2: 36.83225436939797
