Node1	Node2	Frequency	Direction
chebi:15466	chebi:17544	0.6666666666666666	U
chebi:17544	chebi:30744	0.6666666666666666	U
chebi:30744	chebi:30797	0.6666666666666666	U
