PC1: 50.98584696534131
PC2: 36.0902671708536
