PC1: 90.88591940417679
PC2: 4.067373257371145
