PC1: 77.16946517844745
PC2: 17.012718680838564
