PC1: 63.568989838347115
PC2: 26.040641015092465
