PC1: 65.72784747223717
PC2: 19.589502158996993
