PC1: 63.009816645927344
PC2: 35.27653338107132
