PC1: 50.2986541158034
PC2: 43.5701606112962
