PC1: 58.89641418983894
PC2: 34.407786626983984
