PC1: 62.72802072017979
PC2: 33.95813142676551
