Node1	Node2	Frequency	Direction
B3GT4_HUMAN	chebi:61732	0.6111111111111112	U
chebi:28648	chebi:67119	0.6111111111111112	U
chebi:61732	chebi:67119	0.6111111111111112	U
chebi:18216	chebi:67119	0.6111111111111112	U
