PC1: 50.884544696968625
PC2: 39.28884383849859
