PC1: 65.58078387392821
PC2: 30.40832723280683
