PC1: 88.90188209906403
PC2: 7.680033188120018
