PC1: 93.5518385252464
PC2: 5.536667072866605
