PC1: 50.1202465060113
PC2: 45.332535817195804
