PC1: 52.01219118164098
PC2: 36.2144291422716
