PC1: 52.187848789953264
PC2: 33.84632922528941
