PC1: 53.98288066832777
PC2: 36.72087610402608
