PC1: 89.37903025480115
PC2: 8.753550023745435
