PC1: 56.47734914146078
PC2: 41.96755391241271
