PC1: 75.48358151388254
PC2: 17.913928933341975
