PC1: 68.91570707639737
PC2: 26.973437163213674
