PC1: 45.11002343516647
PC2: 38.02397871224684
