PC1: 55.625481277806244
PC2: 29.33431431337073
