PC1: 46.88331475165492
PC2: 35.256626836366316
