PC1: 50.13887744739911
PC2: 39.93908428580531
