PC1: 42.079423252559764
PC2: 39.13518203182958
