PC1: 63.82107045466229
PC2: 34.87648704082064
