PC1: 53.39021576008878
PC2: 43.29718215170463
