PC1: 61.648374070380676
PC2: 26.751332102153807
