PC1: 63.83601488142161
PC2: 24.45930265907577
