PC1: 46.03998644809958
PC2: 40.15723228400336
