PC1: 52.02643538725567
PC2: 32.62020924847107
