PC1: 57.83516681677581
PC2: 26.743107089340622
