PC1: 93.4179889949097
PC2: 4.813219676104756
