PC1: 82.4850602182595
PC2: 13.094486629641061
