PC1: 63.67962016642359
PC2: 30.429100712703832
