PC1: 93.10280989963171
PC2: 5.562965407131982
