PC1: 47.030628970454416
PC2: 44.462340611493026
