PC1: 54.71718530267646
PC2: 30.867813309583052
