PC1: 58.09042561035028
PC2: 37.698347213211356
