PC1: 70.88775425301544
PC2: 25.513786248757043
