PC1: 70.4277798161623
PC2: 16.85283977561251
