PC1: 47.33917639800571
PC2: 39.00368213340365
