PC1: 45.040144941929555
PC2: 42.040573428809516
