PC1: 47.003486930332876
PC2: 42.32820015675028
