PC1: 66.12864983756407
PC2: 18.11992381896386
