PC1: 45.512242979440295
PC2: 33.68066471094913
