PC1: 76.94992952307484
PC2: 23.050070476925146
