PC1: 78.01313721300869
PC2: 21.25932847099873
