PC1: 62.231803961547094
PC2: 30.287128714967395
