PC1: 62.29447207489552
PC2: 26.8036066778744
