PC1: 55.675692407679534
PC2: 35.51097741941936
