PC1: 49.408422660709434
PC2: 48.09980752523196
