PC1: 64.41054990512872
PC2: 29.79580188649956
