PC1: 63.08204475770296
PC2: 25.290350884641317
