PC1: 57.38330444883446
PC2: 42.616695551165535
