PC1: 67.39085194605326
PC2: 32.60914805394675
