PC1: 54.790370647909825
PC2: 29.438628376007852
