PC1: 58.26947261468924
PC2: 18.477615676085783
