PC1: 56.212520693136284
PC2: 36.87465269516128
