PC1: 54.4824282780818
PC2: 34.24144234357299
