PC1: 87.27709184804702
PC2: 10.613212972529467
