PC1: 51.08123805248812
PC2: 42.939847715907895
