PC1: 60.15244402301116
PC2: 30.075307509057108
