PC1: 52.93849299614968
PC2: 15.866444508598898
