PC1: 63.51095337136903
PC2: 29.962569604591277
