PC1: 73.62305470781651
PC2: 19.51866113010461
