PC1: 51.90829453745819
PC2: 41.25401578519946
