PC1: 42.354411150956665
PC2: 35.29345061665703
