PC1: 76.48818083412378
PC2: 18.128050950090422
