Node1	Node2	Frequency	Direction
chebi:15346	chebi:15519	0.37037037037037035	U
chebi:15346	chebi:28865	0.05555555555555555	U
chebi:15519	chebi:28865	0.05555555555555555	U
