PC1: 51.84772048527721
PC2: 36.28837756021714
