PC1: 87.49230970705364
PC2: 8.951719693808382
