PC1: 94.0980323274049
PC2: 4.2958440768136805
