PC1: 98.82520792370033
PC2: 1.174792076299669
