PC1: 50.20341315899653
PC2: 45.389930353230824
