PC1: 63.983964126529514
PC2: 30.3651239058945
