PC1: 53.4848512104113
PC2: 45.45244858314172
