PC1: 59.29802630066714
PC2: 31.549732757640253
