PC1: 53.4543600108056
PC2: 35.513036726998806
