PC1: 50.478912605166535
PC2: 36.21060617889315
