PC1: 74.1281646235415
PC2: 18.361575490012243
