PC1: 48.65401494555787
PC2: 40.86389363146349
