PC1: 58.51606613036399
PC2: 35.067327698030894
