PC1: 79.1334214848709
PC2: 13.31192288321563
