PC1: 54.5276603536475
PC2: 28.38587528576881
