PC1: 53.11528543853862
PC2: 30.61874096002387
