PC1: 50.25578675491277
PC2: 40.14512945822914
