PC1: 64.12119980821986
PC2: 35.878800191780144
