PC1: 65.20742333737192
PC2: 32.10300485342696
