PC1: 44.76676441970241
PC2: 41.35459882070025
