PC1: 61.56971182890661
PC2: 29.405001578903008
