PC1: 51.81466566912777
PC2: 40.34926974517979
