PC1: 45.97005454664427
PC2: 40.825609591134544
