PC1: 57.687817804502295
PC2: 28.265377059753877
