PC1: 94.47903457339989
PC2: 3.399192394586696
