PC1: 49.203726044386805
PC2: 40.89800283909207
