PC1: 53.93318960223402
PC2: 33.06882789279091
