PC1: 98.18120558297157
PC2: 1.818794417028423
