PC1: 53.550887960472295
PC2: 42.80716826467335
