PC1: 99.06205035598865
PC2: 0.9379496440113578
