Node1	Node2	Frequency	Direction
chebi:16556	chebi:17361	0.37037037037037035	U
chebi:17361	chebi:27515	0.05555555555555555	U
chebi:16556	chebi:27515	0.05555555555555555	U
