PC1: 61.6552422942747
PC2: 33.875741378472405
