PC1: 47.73435268115528
PC2: 38.19958958427061
