PC1: 96.58329009446564
PC2: 2.1357097886614684
