PC1: 47.586999055860204
PC2: 43.19713337058293
