PC1: 58.50482405834618
PC2: 20.518563633409485
