PC1: 83.4060413496339
PC2: 9.411079397718371
