PC1: 58.062180205352355
PC2: 28.48579724243967
