PC1: 93.06783846070545
PC2: 6.932161539294551
