PC1: 48.6169346509604
PC2: 35.89423931681723
