PC1: 77.81659340554693
PC2: 18.934913423312118
