PC1: 55.70448576107113
PC2: 30.54139067896495
