PC1: 57.59275809822052
PC2: 36.84096836893953
