PC1: 53.38904226843978
PC2: 42.86377850058547
