PC1: 43.30997550753322
PC2: 32.43277433851453
