PC1: 62.256007735582244
PC2: 29.836356864279068
