PC1: 72.61946877141447
PC2: 23.808559070796367
