PC1: 57.48279817871194
PC2: 28.927927850454733
