PC1: 49.33089727502021
PC2: 45.98963861438185
