PC1: 60.53106217936528
PC2: 34.55565735602503
