PC1: 91.31460778783126
PC2: 6.530346958728208
