PC1: 59.03908170025978
PC2: 35.626733156606996
