PC1: 48.16295173175663
PC2: 37.974284330553445
