PC1: 60.11241223772252
PC2: 26.924858501896416
