PC1: 72.86583809660708
PC2: 23.22920864708646
