Node1	Node2	Frequency	Direction
chebi:16027	chebi:16414	0.37037037037037035	U
chebi:16027	chebi:29183	0.1111111111111111	U
chebi:16414	chebi:29183	0.1111111111111111	U
