PC1: 67.75370188530992
PC2: 25.37118634413245
