PC1: 69.11032149277196
PC2: 21.839176539734932
