PC1: 65.18504589411377
PC2: 25.489192900344086
