PC1: 48.03281290891841
PC2: 40.48404509416959
