PC1: 42.45350766370313
PC2: 37.857641706765875
