PC1: 43.1983573819635
PC2: 37.37247946314537
