PC1: 57.486980360105655
PC2: 31.97678773805219
