PC1: 65.96440309836221
PC2: 26.960752297713082
